## RankNet
## Epochs = 100
## No. of features = 250
## No. of hidden layers = 1
## Layer 1: 10 neurons
1 2 3 4 5 6 7 8 9 10 11 12 13 14 15 16 17 18 19 20 21 22 23 24 25 26 27 28 29 30 31 32 33 34 35 36 37 38 39 40 41 42 43 44 45 46 47 48 49 50 51 52 53 54 55 56 57 58 59 60 61 62 63 64 65 66 67 68 69 70 71 72 73 74 75 76 77 78 79 80 81 82 83 84 85 86 87 88 89 90 91 92 93 94 95 96 97 98 99 100 101 102 103 104 105 106 107 108 109 110 111 112 113 114 115 116 117 118 119 120 121 122 123 124 125 126 127 128 129 130 131 132 133 134 135 136 137 138 139 140 141 142 143 144 145 146 147 148 149 150 151 152 153 154 155 156 157 158 159 160 161 162 163 164 165 166 167 168 169 170 171 172 173 174 175 176 177 178 179 180 181 182 183 184 185 186 187 188 189 190 191 192 193 194 195 196 197 198 199 200 201 202 203 204 205 206 207 208 209 210 211 212 213 214 215 216 217 218 219 220 221 222 223 224 225 226 227 228 229 230 231 232 233 234 235 236 237 238 239 240 241 242 243 244 245 246 247 248 249 250
1
10
0 0 0.05354766175150871 0.07376266270875931 0.004062670283019543 0.027753537520766258 -0.0038865625392645597 0.08194392174482346 0.07782180607318878 -0.07938653230667114 -0.039912234991788864 -0.0028204978443682194
0 1 0.04591184676662461 -0.04204156987349743 0.05190819453194853 -0.007086043868923575 0.08839041009570672 -0.0033486933991860785 -0.059768016511094285 0.07667781254025037 0.05654817773431895 0.08855427460764852
0 2 0.01212293694854027 0.01055415306071757 -0.0731052632431851 -0.09563522782139962 -0.05920192085095371 -0.023887727882130547 -0.04197942537750563 -0.0597724427433129 -0.021009223582579444 -0.046880116077968756
0 3 -0.05683878118599743 -0.09019801155461017 0.06597246908156146 -0.018502724821247086 -0.06318889233091877 -0.004796648935544151 -0.08459351699078194 -0.07555349859427499 0.04711679865997669 0.0410196250002455
0 4 0.022790896575448874 -0.0543668391471143 0.06969278988704991 0.03271033677313355 -0.09070729911571533 0.06307953231469243 -0.06312848221576484 -0.02649996383632408 -0.016153447878983273 0.02946655601626557
0 5 -0.03366938617164018 0.05757405903610014 0.05764668511504212 0.09815104074475789 0.09642637030200578 0.01421094071029819 0.012556546756863421 -0.032027987642016406 -0.07454796269639422 0.003469756821239181
0 6 -0.09254292780238497 0.07480180038258526 0.056169969580155014 0.06783030421478473 -0.03829241131791038 0.0391400557524052 -0.09535665644404168 0.01652970981571178 0.058143696333868095 0.019653158894997767
0 7 0.08041319177442337 0.007100269267546411 0.06503388487416255 -0.0725241633044747 -0.0703114309242119 -0.05461968256737528 -0.07247938717920929 0.0645271515039109 -0.01743455447093725 -0.05113028318158581
0 8 -0.08561999332716233 -0.07080879364437007 0.052631961609421726 0.049799856109707226 0.08989374698116054 -0.09214153137341125 -0.008063331628395507 -0.005339518918871631 0.09370446280165497 -0.07083675241552793
0 9 -0.09429238812800164 0.06481858868669926 0.03693409476431749 0.006710702111480893 0.023441209216291267 0.07345159105128526 -0.0011820169247849408 0.012281191006300879 0.09772597783172056 -0.08910618493314183
0 10 -0.0030809509303114406 0.005719647490753126 -0.03878263631000039 0.005630638092723525 0.056422014068688235 -0.0020857080011557417 -0.037668533439186795 0.04499209994385381 0.008239543452178383 0.056260479792045875
0 11 0.047756905351179504 0.011797609963347623 -0.04989911397619964 -0.008532014423246503 -0.025151724638277088 -0.09980723677402983 0.09778918569883031 -0.0014074239213736394 0.0476738711296683 0.0023108150419273352
0 12 -0.016962765053746377 -0.06898787953036523 -0.0037303722765297414 -0.004875071414525351 0.03784637211147776 0.049009532421213156 -0.051816708256791334 -0.03637192084117558 -0.07453666118353511 -0.02903056863815379
0 13 -0.09570358549303179 -0.006305168415231275 -0.0096073271805754 -0.021051049960030117 -0.005568195414838533 0.0890097929978495 0.05479259291314546 0.051152467471105 0.04259176303711359 -0.09934357835656425
0 14 0.027952556936937746 0.06316067206440393 -0.016429028657069016 0.06612423504117212 -0.019649834667662174 0.05865692064850701 -0.004606437957882799 0.02203730692620564 0.029832309446717498 0.04360079789682476
0 15 -0.022811736361006796 -0.030359556639615877 -0.06884343121614488 0.0014798294864644772 -0.013903408035777883 -0.005826494694881352 0.011158997484777642 0.09225177749608285 -0.06127461571478537 -0.01679738879296463
0 16 -0.0780635189961382 -0.06262898150664924 -0.09949371866549642 -0.03506044165463489 -0.006599997218066933 -0.05701172624702314 0.008221623764251498 0.04975717069802635 -0.027510087289276997 0.04074989330352307
0 17 -0.024245405658149078 -0.07925751741862165 -0.038395383323072 -0.07952153942955711 -0.00485435636605903 0.09196412098067154 -0.007471751259901956 0.07499967208546031 -0.0029029056401244325 0.09848180694787928
0 18 -0.08208522255389036 0.017127599094489267 0.09245747805030748 -0.08522431766546294 -0.013790717382216594 0.0027724018430454506 -0.09435438174379567 -0.04066586705825803 -0.025334991551495857 -0.06287610997702901
0 19 0.013744545838017872 0.06585941839667965 0.06712701924701957 -0.06122693924140037 -0.08409156733972985 0.07588738526252815 0.01150373653506421 0.042493662369329555 -0.0643116941334419 -0.062469309040815546
0 20 0.018090008723372682 -0.07719292029923965 0.001113635978490763 0.04222000351477077 -0.00542585632829299 0.08370752487414979 0.09088202527364979 0.00967119158674941 0.026270133564311265 0.00450976797832331
0 21 0.03481136674458678 0.09202226985479627 -0.013539532311138407 -0.09592328955638443 0.0753097741680875 0.03631394196083057 -0.023073130684242237 -0.001868578898123379 0.047404985756236445 -0.0662548365587607
0 22 0.0450849034916275 -0.0016142178521398177 -0.053864088259283155 -0.010091139040949045 0.0928931508235691 -0.06547400016210993 -0.09588004988148537 0.03848030683083273 -0.007756440926860947 -0.0020187513031523735
0 23 -0.05362872263765307 -0.04887106657293803 -0.03853911866779499 0.052950029729957965 0.009169132428987424 -2.1169245272189443E-4 -0.061814371976600474 -0.07751572906524798 -0.0519233078875358 -0.029793664957196573
0 24 0.012520985498456975 -0.06696887570923768 -0.0862040646180812 0.08422449947360461 0.08243351335939125 0.050827896852255916 0.08637165296861478 -0.055760597388933415 -0.028617454122804115 0.08500060920910091
0 25 0.008434262327472226 -0.04472851801208821 -0.004240309942005391 -0.0625904244093905 -0.07362668794919873 0.06171319219141333 0.08865547759092973 -0.051124083256405835 0.08361651915701426 0.04192128039163217
0 26 0.04590723455479973 -0.03888965089185626 -0.014623859969726037 -0.06967729730060504 -0.08625192278882006 0.06920163204168939 0.06424692322874788 5.253040226187412E-4 -0.03935937911519774 -0.05102389156174626
0 27 0.09258611901594545 -0.024862733583920184 -0.07363942445234374 0.06118386294710727 -0.00758210252456876 -0.03835963833822753 0.0122825187278979 0.09513801259745369 -0.0933902798890588 -0.07179395856015323
0 28 -0.0031970183337930247 0.08086358955902535 -0.07010328345228826 -0.08564086096824543 -0.0976587985543701 0.04346968174384459 -0.003561358766571874 0.05324762787451682 -0.07989121777497132 -0.0969445293819878
0 29 0.05411025044220938 0.04067829773384744 0.06924897552943476 -0.044182667366670106 0.0658638927824548 0.04043374566073337 -0.08549181765533459 -0.08528567894396452 -0.04853733249487446 0.03268408701686297
0 30 0.02678925229088844 0.07189553830895169 0.09774523348282867 -0.027276879246792205 0.062090860284967554 -0.09412531665446489 -0.03236592273644105 -0.08742909434844127 -0.07963975289024394 -0.05550106509352354
0 31 0.002242701014616005 -0.04754750093817867 0.06463189217649082 -0.07281210456471263 -0.032348456380262326 0.016234338131789133 0.0030960862994991465 -0.03588713870678061 0.02731863227541615 0.09755495542697672
0 32 -0.020183692254004792 -0.07724623179840255 0.05334888232119849 -0.07458046540771329 -0.06580235065959862 0.029264321113236475 -0.0527790783553999 -0.07267779300093617 0.05461890285311076 0.09255044453757089
0 33 0.0232236103200737 -0.06019640261491532 -0.05197086644401105 2.0001547412566285E-6 -0.010068633726733067 -0.05145274171634234 0.07289874342276208 -0.036684287187277946 -0.020519238736887588 -0.04701910508379784
0 34 0.027831850983569852 0.06783472074772619 -0.0657023393969962 0.08450370905742238 0.004781693495193906 -0.03494437293116086 0.07690903696746955 0.07543590300203633 0.02563969155124996 -0.0028307798556357587
0 35 0.022480494701366725 -0.07237755397520841 -0.051945667931491635 -0.07943097406175118 0.07238265209351714 -0.04457105168123301 -0.04418869670586671 0.08448248190389915 0.01911969133634086 -0.04001503917738686
0 36 -0.09791655723672192 0.01323526735306118 -0.06561360595745798 0.07726894326821503 -0.08974964866745425 -0.027008728099084413 -0.03322499397952074 0.041216775903126786 -0.06708151193011455 -0.003631067359631568
0 37 -0.026970747712765093 0.05354528547460246 -0.006122347164509774 -0.0977472938321848 -0.017691641598145957 -0.05119110706075542 0.044468280025372627 -0.09364166299782162 0.06714026085627631 -0.03318762048694543
0 38 0.06782940942437989 0.08077449853989592 -0.025567986632895518 -0.030656673369953927 0.09183199214490119 -0.04690852668846642 0.07833060241299793 0.01313601944492291 0.03501426867881173 0.06241943434741914
0 39 -0.0035553228742974735 0.06929664233451269 -0.022313322609814036 0.024474033170413276 0.03128212376065874 0.09059832923555074 -0.09416117976433179 -0.04092423111039359 0.05931929647079401 0.04221009480858978
0 40 -0.019637998963643325 -0.05881033333659595 -0.09490240471929715 0.026994794408153708 -0.0330561613302281 0.08679411859956329 0.03215420253498754 -0.036842578621744136 0.012427943753623985 -0.013877558989632251
0 41 0.07269384980683614 -0.03456052310931214 -0.024650181252790608 -0.006601567776001159 -0.022643640956348084 0.03503109211824948 0.041525361871513095 -0.046651670489524316 0.07029592406804235 -0.029807171168153263
0 42 -0.017103748418589308 0.08613208541167983 0.06160487724812948 0.05666408078643679 -0.07980357896360701 -0.007131436460215297 -0.04132795319538063 -0.025986811999809775 0.05606038989200777 -0.015357347467447225
0 43 -0.0222394887345507 -0.09890196324938835 -0.09300243686728978 -0.04548549487376387 0.07476444856763227 -0.05903508057127348 0.08566141457529687 -0.02286893000214628 -0.007322894027637388 0.029667070265759092
0 44 0.05009040684808269 0.011163389929742362 0.018960396593018243 0.06911898385978812 0.0034781229632746924 -0.06983850969096714 0.0644920892356358 0.01805134206618574 -0.02311371566722165 0.0615386652419619
0 45 0.060359852727333 0.08163399983255845 -0.06896196864836673 0.08253095808656935 -0.011272226962512203 0.008720871673283323 0.033555755397105626 0.019867983557661815 0.09465917637883335 -0.06017037121512691
0 46 0.08593999540364733 -0.02496508587866041 0.07472761576560089 -0.0777728217557927 -0.034519416983526154 -0.041278748798178465 0.06674833465843202 -0.025970231452544068 -0.012741233458272912 0.0364603313489526
0 47 -0.07462348464899399 0.021179972263337336 -0.04109059451402746 0.08691124196335626 -0.06308855895815811 -0.06503658139993496 0.06961499710388169 0.08914752640076543 0.0068612819206051645 0.0660464214385476
0 48 0.040971366169649 0.009675361972788635 -0.07948830554622383 0.06866454033808983 -0.04459237138836207 -0.04061907139667236 0.00588200027473712 0.00859556735877853 -0.050393095941004135 0.09784387474484955
0 49 -0.0050578306130972025 0.07769808210684918 -0.020746105579008058 -0.08369731514312607 0.09191625936343148 0.01379754723968332 3.609169925100271E-4 0.038501651407137315 -0.09019316463552934 0.02671617330549246
0 50 -0.0739637872270708 -0.02096516901211186 -0.03287768706629166 0.034065916507951294 0.06450576624105787 0.09093076445416746 -0.09109684415525272 0.008423143397053596 0.01516714169276755 0.01554539166842051
0 51 -0.07617277082884087 0.03089134975798949 -0.0648813691736098 0.08385480483473919 0.008565146741538757 0.004463375138144015 0.07525928280230164 0.09482546109647232 -0.029742028375847364 -0.007107729188514853
0 52 0.017629218006927544 0.07683867753253021 -0.06333984058361108 0.05236611761978991 -0.057074927544308686 -0.01032424700907709 0.09887825953540086 -0.08337299622851475 -0.0033417535888346154 -0.049094823812999726
0 53 0.07658430174653363 0.045843813172747654 0.0038027400318553246 0.07886664053029997 0.007507977223338159 0.07621398772940507 0.07572831453662866 -0.007287453794346647 -0.04514761363264139 -0.0875850026220792
0 54 -0.05543390720220726 -0.05800316062262794 0.05935684940510071 0.06302975230114943 0.04322804231676369 -0.022432002085828403 0.034267406513598275 0.04159834194655992 -0.09545464138291365 -0.03331813655632111
0 55 0.020061791838625533 -0.03882359865826301 -0.08441315775791713 -0.04212128382180238 -0.02519124958791964 0.054164330366398464 -0.008574035607881737 -0.017828314549356197 0.02350961020179345 -0.0010795542320729754
0 56 -0.0854837602074584 -0.03566584558120525 0.08804018455017788 0.04151331357960615 0.09962426558782732 -0.09229690456265617 -0.03415260196698374 -0.019187416267738087 -0.010274625803131598 0.06592565522453343
0 57 0.07188214932616466 0.06220992403770457 0.04778325976527307 0.03671385349443278 -0.019618841659902905 0.07218971512745684 -0.037398607198476416 -3.541844965799683E-4 -0.03006773342156468 0.022030893226268437
0 58 -0.09440167814546004 -0.031148116932918017 0.013538489864854186 -0.06321138996144689 -0.029663188164705503 -0.002367863034421965 -0.02202545951650306 -0.08095799406477493 0.08802548988636563 0.02750346069028942
0 59 -0.07425986308011233 -0.04299724579875276 0.017615226260541496 0.06499382159915898 -0.06084382177083023 -0.05853381891540823 0.03624569440291502 0.019128701750831572 0.06842819215283395 0.0016483255276201212
0 60 0.012889585071329953 0.07885865196482332 0.09778758750493736 0.057454276797452394 0.037529326222795915 -0.0593511523307034 -0.03641511927960419 0.012028393434942592 -0.08268425739119427 -0.0471224444860272
0 61 -0.062196257278333215 -0.052805736324328265 -0.09194355699237793 -0.008893343293544803 -0.017896992401332638 -0.030745513414599742 0.05298144485459668 0.08854047532629741 0.09963333671449404 0.015259263993642833
0 62 0.015527797768491012 -0.009058969945152822 -0.042571743359076375 -0.09322043725817514 0.021378472488727096 -0.08974663058610777 0.07381462618709776 -0.06629645795713618 0.003958562115121713 0.013401952894621824
0 63 0.019122786048868922 -0.05897914551728726 0.09218931366278968 0.002078049275642672 -0.02799839630963956 0.08351068639456305 0.027259059656298417 -0.023663128595921488 0.07099084152949467 -0.09043508412168894
0 64 -0.07348780153495364 -0.09007965916068691 -0.020581488830423152 -0.006350544513851423 -0.0402743557225074 0.015611218626521713 0.008401315345999501 -0.07400842098814166 0.09201309531822455 -0.07791853208941288
0 65 0.07938001379638276 -0.005876791716083732 0.049598853691514115 0.04480645434762702 -0.03280244749373789 0.016429548944627975 -0.016760777567818522 0.05358141815705478 -0.04189142572413073 0.020960707245468047
0 66 0.07380259202918378 0.07064584485654937 0.00849299542455094 -0.07507107635882798 4.3479080561531616E-4 -0.02142746538477495 -0.07232241530373487 -0.07962409685103339 0.07245307716140277 0.04401481350259063
0 67 0.05663549370830845 -0.003490773978980547 -0.07517003979856794 -0.02069473894136396 0.07474232458730029 -0.046100386551655624 0.04990687010319066 -0.03720943501885576 0.04970942714465405 -0.02398415186138575
0 68 -0.0642096352461967 0.042924442531237915 0.04666253473432864 0.07474110881849122 -0.04796592357638086 -0.01934353786423399 0.011087147485195651 0.05576851674340241 -0.09736374690578607 0.019488242453104692
0 69 -0.034978388378665674 -0.05644104396164397 -0.08344233196052539 8.764959809330943E-4 0.05515921992383131 0.06264459425373546 0.03717286951117151 0.06428912092650996 -0.09385544390762728 0.08343661505698691
0 70 -0.0011288125129812771 0.0037651918268845827 -0.014429039502723045 0.09621648594390929 0.05789448966489473 0.08868455219645784 0.055061197018035225 0.0766960559121784 0.040958741967085724 0.030232078270085956
0 71 -0.041712168992957786 -0.05032762621570259 -0.033874010735706346 -0.025103558191063656 0.06095132389928949 -0.04864506699411825 0.045599459793604996 -0.03417499874808425 0.08729083004804683 -0.05425078595301874
0 72 0.026535008402251682 -0.027733237723693488 0.020253482028412543 -0.09268330460510622 0.05438029452911196 0.021733254957637907 -0.08378017528453542 -0.06599796051445862 -0.07936674335361903 0.03644144899113782
0 73 -0.08378308583146782 -0.024778086174525073 0.0588829136282219 -0.032390294621711974 0.09253095055517138 0.047026537708062116 -0.05920861814581611 0.018928762727997612 -0.058135805504011775 -0.020041432516045
0 74 0.019619159833290885 -0.07910533639322175 0.0924197542788032 -0.029150370091579614 0.0037870101497221084 0.034030666131297675 0.09527613024289801 -0.015908738828332505 -0.06561878007557675 0.047084591886857
0 75 -0.015341255590336656 0.0029188413540667956 0.06116575957404817 0.07399758571473632 0.031097421496032913 -0.0775193895374751 -0.027853381010055887 0.08045641522201658 0.059111538676965135 -0.08959715221755726
0 76 0.034732724864356045 -0.08185199580188068 0.06198404373541398 0.04597349295564081 -0.07904192257109048 0.007267866256241534 0.032639674840488145 0.07763584546121802 0.06818315370034196 -0.054349806915241695
0 77 0.07830611387758167 0.015218273684938707 0.0791892426624902 -0.0805185002530068 0.013313460792709442 -0.03247292596733088 -0.03239649546033466 0.071265063392149 0.09715803000882423 0.008193096853143941
0 78 -0.05049306793987577 -0.036863758687509345 0.021998575640480356 0.012948802027426936 -5.191969593942507E-4 -0.015190912619279405 -0.061786377690810704 -0.04809960704167472 -0.030678746402577436 9.765990092924726E-5
0 79 -0.04501259058232024 -0.052464611010427556 0.022777079995440326 -0.07171235273132383 6.688569276869821E-4 0.044915289383159224 -0.07762444224378243 -0.080888019654964 0.05972359490449125 0.08796625739115042
0 80 -0.03678389637129311 -0.02353572344248426 -0.06340072755853965 -0.044247409528060846 -0.026504081469222552 -0.05116292358187184 -0.04147422867023658 0.04514147520512891 -0.07550857353466812 0.07919367457560421
0 81 -0.07611568750532255 0.007215637905705306 0.01991050177615242 0.09271649855609669 0.059203809591720724 -0.012973186666329281 0.058427233622498916 -0.09977391210425035 -0.08424433713235488 0.018892463659296473
0 82 0.0625897723242162 -0.049304807932094616 0.08848045515434706 -0.06577109338829451 0.07767488563674282 -0.013614394456606066 0.07467637573660521 0.04491134667087202 0.07336179063671726 -0.032855493472175194
0 83 -0.09752199858460464 -0.0159516783280078 0.015333387266710055 -0.033438053182723484 -0.09562484352664596 0.08254458146214226 0.033085923784278305 0.06115538043923885 0.0860924722109347 -0.005831615763049608
0 84 -0.05306271376639915 0.015089680433577364 0.01621559638833008 0.07641675473200944 0.05295165799608285 -0.028813790554274025 -0.08255335324977027 0.07130648901977496 0.061532043798496354 -0.022302375235346204
0 85 -0.09240879001080625 -0.09509152935514618 -0.01106342226976618 -0.039167258654549515 -0.028821067870336274 0.03702286505693879 0.07838830176735861 -0.08891917684017535 0.03609758051825909 -0.08891306447457727
0 86 -0.03270826260602451 0.04697810668617508 0.00881154031039565 0.022477064187746414 -0.013192047629927905 -0.08705099520769775 -0.09762069037045759 0.07439278780588454 0.011518732532085293 -0.09233014699195106
0 87 1.1930346392912064E-4 0.0731052607555609 -0.04183839679540759 -0.049904696219684505 -0.011804900034196307 0.017921796638955108 -0.09569643407077873 0.024136880479220652 -0.05361243948553426 0.0444594302126691
0 88 -0.07372435724846868 -0.005424406152892369 0.07022751784791524 0.010278163888591258 -0.08901882955579062 0.043253331693358765 0.03154786766753924 0.09869835052568406 -0.0028756713474015283 -0.014320098253778883
0 89 -0.013553399283976095 0.05820375778877433 -0.03983425532381277 0.013276832319130653 -0.060764856511099856 0.0011996344461295365 0.08437435052560222 0.026046865480095136 -0.06342975975195841 0.03350187020696616
0 90 -0.016675297048386564 0.02156724192604366 0.07651864708816074 -0.01653793921343165 0.09129089839778581 -0.09228277569564963 -0.032684658988872614 -0.053727055154365835 0.09425171594352753 0.08683689828394821
0 91 -0.06732366698093341 0.0464101811855736 -0.04184414684527141 0.0018650753028029647 -0.0857281011244938 -0.08950654625493484 0.09976422605676082 0.043712674132668654 -0.047871452238803555 -0.06151615539400947
0 92 -0.007385669894701217 -0.027646552630624623 -0.037729935662937246 0.017715224557389837 -0.09176224953865017 0.05515407960803902 0.015346760554450785 -0.013512302111975568 -0.03845201188166126 -0.09835687560084475
0 93 0.01418826760152047 -0.06817307005370385 -0.07200074539630469 0.029046087147795295 -0.07050451640467652 -0.032885276566058164 -0.0654908806749764 0.03748658501051685 0.0080489458652988 -0.03341376568076942
0 94 -0.051637409236760023 -0.04319668825705195 -0.006502369398555425 -0.05033699804744553 -0.0711793487074138 -0.027642657004537 0.008879498314982193 0.03730713240243323 0.024802656803185 -0.0020880972227985206
0 95 0.09827671803672476 -0.09345202769824668 -0.03174730684842585 -0.09988592007378815 0.09090783291541821 0.0842201132761104 -0.018398924551686884 -0.08097363575849312 -0.04458697217020263 -0.04774143211908767
0 96 0.0750450910933707 -0.05184916188957253 0.07970818926917836 -0.03241453742899919 0.020622215159679498 -0.03158286237694558 -0.045376719981039766 -0.08706561356628618 0.011026888219717694 0.041174618224738564
0 97 0.040572920894641484 0.06476226988949008 -0.010638581603828348 0.053258283092448094 -0.01783008481163316 -0.007530885654640977 -0.022425605992879214 -0.015800332493385395 0.055307932671382745 0.05071623147711771
0 98 0.038213615089234085 -0.05512351743217625 -0.0819290375129896 0.023023272105301286 -0.026828297124148005 -0.07128877897802852 0.08032228795529414 0.02099328857044432 -0.02715743101499275 0.062111437830490446
0 99 0.07082548175996678 -0.005527401641757461 0.04672884050641796 -0.04964463219578598 0.003672048260809478 -8.070039639287911E-4 -0.0020053273209153385 0.04090431115166927 -0.04467155175772378 -0.07841976632985488
0 100 0.04810909469115512 -0.018606002545506293 -0.0432457251039002 0.07140003579406473 0.061133880917666035 -0.04966618814798496 0.015505453139150282 0.09615864395377674 -0.035122816660255914 -0.09668539946490708
0 101 0.054674962453817325 0.05710398919992469 -0.04485718146663748 0.03536311208471302 -0.010884543207925963 0.06809908391709299 0.010991237268078498 -0.012956578537771766 0.03986790416386565 0.05717915899728362
0 102 0.07335696090907007 -0.033693387807720826 -0.03214258115936532 -0.010075148397905319 0.042338250168975855 -0.015329940537703287 0.07507233589444183 -0.06935290143627722 -0.05280867578192367 0.0470536048609475
0 103 0.08832120269609642 -0.03185530434339565 -0.08743347674023073 -0.06831558555121015 -0.0016312982394993125 0.0739859244367233 -0.07270926251922884 0.0025061167339714397 -0.009134754299811847 0.0936127948085761
0 104 0.07553267340439063 -0.0036428514044117358 0.044404011179966625 0.07736245543390893 0.04466775672750481 -0.017217963554988756 0.06848760703671614 0.08952831363384205 0.048226349917320284 0.013224384322786064
0 105 0.053339347022116144 0.031883728274241796 -0.055441286259735115 0.022900988350773678 -0.07281935686731222 -0.04185668423078251 0.0989976434144168 -0.09930734729588594 -0.08406513563282307 -0.08078851168893725
0 106 0.033364049333089 0.026440338091083076 -0.0946273767845005 0.013655681039867253 0.07258392523194762 -0.02113988581885932 0.06058940379750809 -0.09717770678425408 -0.0523250759828522 -0.008583444806415203
0 107 -0.056355983798714114 0.0734072761555139 -0.010373821632751709 0.0023288638562549784 -0.08759461886591279 0.013769583101316754 0.021349702451037796 0.08763515907379857 -0.09434279297809414 0.06952801224707647
0 108 -0.05308838659141267 -0.08887316410709532 -0.005137602422877886 -0.06314927648893924 0.03442787609103371 1.278365070397622E-4 0.05836854936912525 -0.09826519359063116 -0.037222009040343194 0.07179460595724622
0 109 -0.0029416489948673567 -0.07511735896296853 -0.07893749554757297 0.07543896232275177 0.02653313652858525 0.07295352121760924 -0.04643811824706315 -0.014137048291352945 -0.03713037263521422 -0.0013278348881162346
0 110 -0.026355046157479998 0.0062632642642477835 -0.0404964486723217 -0.027990844116461085 -0.004226403980208683 0.04680979590824227 0.01696910087512257 0.06281813514035306 0.055565931209063994 0.042226524436954904
0 111 0.09281073200552531 0.015559115970827826 0.019867827268970573 0.021906809099759172 -0.054168506226894626 -0.042711509702166674 -0.07939473224654711 0.056440097083935124 0.016139688806269554 -0.07856785125325788
0 112 -0.021954555326651127 -0.0403784965843788 0.09169609271869714 0.06524558067933789 -0.07601844827576804 -0.06859288648383324 -0.06332838989827828 0.007842932619251813 0.043497752132728024 0.08925232999474159
0 113 0.05726903697066724 -0.039193653795727236 -0.049394909132666955 -0.014831980408493208 0.07469222945107983 -0.015888495960255402 -0.04355831475290362 -0.05878427694442672 0.0032860719825107505 0.05418127048947519
0 114 0.0653164337427224 0.0044759919312706165 -0.06721358729518964 -0.08879233206126949 0.07709066619150472 -0.02073559706674489 0.03400775843364019 0.05485032411561461 0.03716746552632155 -0.005446404835827139
0 115 -4.8514757085896953E-4 -0.09366830178857398 -0.04719381420787773 -0.09279478992929488 0.030353227874324224 0.0372246076603252 -0.06319132123461792 0.0415143282653644 -0.09734400103275344 0.05563551877088067
0 116 -0.005617872866361904 -0.018574322463370714 0.018369587640022673 0.037745563131980985 0.03442533316617088 -0.09914655908401188 -0.02715247551299883 -0.03414794128578502 0.0836647122539739 0.03403118715289346
0 117 0.04849874847944231 0.011794282529553562 0.06692538408589516 0.07474835418089534 0.07930068144495057 0.0578233036893529 -0.06677197430011791 0.006667187958678903 -0.07767188012489186 -0.020782326259952043
0 118 0.02777434479862885 -0.010794062287712734 0.08312888539196307 -0.0010334000040153374 -0.048550345310613356 -0.06461406787630138 -0.07251018319614651 -0.07589908385963486 -0.05829202214978337 -1.3758849047603233E-4
0 119 -0.055209681057956206 0.010740244119089356 0.02628609088650068 0.05055352440871068 0.0760739238486828 0.004841935382147983 -0.012683977029567637 0.059167434619382064 0.07646812138267677 -0.01554479316493754
0 120 0.022995420990604358 0.07113321324834901 0.004007562912188993 0.04362926408953568 -0.06625955600567397 -0.09794218370553262 -0.032309136679026386 -0.07689399049598285 0.04909548966859708 0.025532590762300637
0 121 0.06654390587808995 0.06832114474726073 -0.06379502153474238 -0.03734935307880855 -0.06862676348050883 0.06456679522482621 -0.03694483396209039 0.03173777025395635 0.028537876757136704 -0.015321431749942474
0 122 0.008890681928685688 -0.052912176105097915 -0.044808385359697604 0.06401430626163608 0.01491970867625338 -0.08664306492078715 0.0569866953898331 0.06093241675790364 0.014995895304215547 0.04450985615522737
0 123 0.08837386220693588 -0.05131293460726738 8.27664160169661E-4 0.02781529352068901 -0.015608519315719604 0.05392000824213028 0.07191155105829239 0.060635924339294434 -0.08145467936992645 -0.09052474796772003
0 124 0.031218637701476877 -0.08381943264121072 -0.006404364829853596 0.024728964372705577 -0.09623877309454847 -0.029123745111788668 0.03450859667635228 0.039336113911722446 -0.06026504605214143 -0.028588921053505183
0 125 -0.07097586175391622 0.014530747600944862 -0.06888820851611709 0.06994588369279385 -0.026803062844230067 0.0696584121510432 -0.09023009699200289 0.07912928767104552 -0.0952353725234517 -0.09632870812573982
0 126 0.07965400502725092 -0.09378280217803861 -0.018543709865334754 0.03801756025846147 0.02003731099513276 -4.351106151635554E-4 -0.08968851084216795 -0.08123870614468853 -0.033483967203030485 0.012057742512588503
0 127 0.06686555594205856 0.060709524899721146 -0.022710179910063744 -0.009886115789413452 0.026055729016661644 -0.03761543706059456 0.0835837721824646 -0.010831248946487904 -0.09662206470966339 0.08163685351610184
0 128 0.08890999523074716 -0.08981974316476216 -0.06389211844358615 0.05731952151938669 -0.09894682893608489 -0.0658086119190398 0.01051855242451222 0.03670237359058291 0.09695068819021743 -0.05420401168904715
0 129 0.09610114098687322 0.05097316073737909 -0.08455769565155447 0.09963473980686756 0.04072404763728154 0.0502920560742055 -0.09587703607934737 -0.029483300853090786 -0.08839486383344157 -0.06142155389949282
0 130 0.005513983778655529 -0.00934707559645176 0.07321493327617645 -0.021633153781294823 -0.013773811049759388 0.04109809547662735 -0.002503001596778631 0.01826295256614685 -0.08771400153636932 0.01515919528901577
0 131 -0.09966736535183512 -0.08378680395478517 -0.02619654935691071 -0.01909571548696505 -0.02169767417690438 0.07850122074033015 -0.09491492128847144 -0.008034980419388953 0.07692061784792589 0.043925906207158666
0 132 0.04731169840895914 -0.06290631010683717 0.020757024585788653 -0.02473875624365 -0.005198802644456548 0.0978848167378242 -0.09931944686629117 -0.03814889698121935 -0.028945757126178855 -0.02937032826915807
0 133 -0.04735036523764633 0.0157836382390434 -0.036452581922713535 0.08875629682086009 -0.01365031637043483 0.0578370481206774 -0.08038041802566107 0.03470886885343252 -0.010483005660581541 -0.011029275565800656
0 134 0.09340896065440589 -0.03467790295319789 -0.03227019870064836 0.033891762692697655 0.044111827455449705 0.08104076170330617 0.08772276734069903 -0.014065598546812472 0.036720763195675764 -0.05043319644487013
0 135 -0.023868093905100463 -0.08233131420297901 -0.08794482326980636 -0.05327638171626193 -3.8614141197445E-4 -0.005753146128549785 -0.09708207812152085 0.08197403597185034 0.08731562762594335 -0.048808139392608134
0 136 0.0028208954632062016 -0.04478648933403673 -0.019185139404520712 0.06377974890795524 -0.08223649686514652 0.06133858156109129 0.038896776640813625 0.007656260085412617 0.013151943431412001 0.004837307787779107
0 137 0.09703680173352854 0.08771792339591374 -0.05359860698539206 -0.09896326630295411 -0.06770962833552938 7.333801511491368E-4 0.044084708970879544 -0.018972986940317415 0.04136347877302475 -0.07678321738169429
0 138 -0.06592812427333153 -0.0913985719378698 -0.03837227712223321 0.020360812594699462 -0.09269311497909664 0.06996452319749576 0.07354027177340833 -0.028844995760873744 -0.0028207208151730004 -0.04310739079492655
0 139 -0.0490114843977983 0.07525024223930613 0.00788155650075093 -0.028768306744875714 -0.04288441057006884 -0.06118222178406449 0.0454427061397918 0.033075439014834805 -0.07170540778348888 -0.09265052419168847
0 140 0.07314337887630441 0.08204969862955999 -0.08217192239178756 -0.06657371606289454 0.05866997974659318 0.07664871960536168 -0.028427086011873912 0.04399021529998647 -0.04241066984729492 -0.09839398258451011
0 141 -0.027754839885511192 -0.05582408406653562 -0.08641391709705115 0.05699180173795343 0.09313737141747008 -0.09529179989656784 0.07829547972017058 -0.0782709705938514 -0.047297882682525404 -0.0565945900751631
0 142 -0.08515517577275616 0.034263537164072023 0.008765869529604583 -0.02732757243017947 -0.08892284602505766 0.049828882205529806 0.03537423550710603 -0.06342120258300005 0.038312584590458866 0.05279461769008747
0 143 0.0643318717683164 -0.07063667076224596 -0.06855898228380396 -0.003304210377446308 0.08178285300054865 0.0567303932681202 -0.03313018075106653 0.002445644204207699 0.07755351486731218 0.04830561080177079
0 144 0.08118372789482259 -0.07308229682158994 0.016521559162365952 0.04433262134076372 0.09174925318259919 -0.00954579425588782 -0.06759832155150633 0.02962808565705666 0.046973705175069325 -0.012261612184946022
0 145 0.08429512209911247 0.08747968813182481 -0.0842890176932734 0.05983945139212838 0.02172586257616527 0.0298449278306509 0.019323552625988758 0.021216667781997506 0.01140021883725694 -0.012501857968049179
0 146 -0.07211788387068059 -0.0798084571923152 0.08566620370281383 0.013226405486760434 0.06178939230005566 -0.01991111548707611 -0.059074825185766226 -0.02745430284042544 0.0537848151759762 -0.029095250803904342
0 147 0.03323509333407952 0.08401577781616235 -0.06345606564147031 0.07929359292226097 -0.07890221211880241 -0.0876451065693693 0.014412639094597023 -0.08088457841394947 0.09543218313681327 0.07164725576185864
0 148 0.053207310449697155 -0.05045294119380736 0.016514011660466142 -0.08498058715363713 -5.597638450967759E-4 -0.09036835604684229 0.053759877283428535 -0.04460982296882436 -0.0976905165961496 0.05646352974888234
0 149 -0.027067096006325637 -0.051452022253976756 0.07105575964609577 0.08234850796848751 -0.027077945222506256 0.011609969822604487 -0.09744121953953089 -0.035803892412380474 -0.09834912759087198 0.0020314123404658138
0 150 0.09605798874121081 -0.004963751711254088 0.009300005340582179 0.09145465417208959 -0.014668760615389655 -0.052682648464998 -0.09690000999537339 0.06006083057091669 -0.004222595308203424 0.030324253736338177
0 151 -0.03554145650825683 -0.06164410443454044 0.09535406570449811 -0.012673455835561493 -0.08096692994313309 -0.03687938741001937 0.0015016873520546457 0.001978003517140456 0.08341993246409071 0.01801480889431549
0 152 -0.07177914423325706 -0.048965965936953945 0.0474727576471671 0.060958269220437344 -0.010293990461779185 -0.05714008561675853 -0.03869053794430156 -0.0038221952915222525 0.05710151725686327 -0.06821136317037668
0 153 -0.005053584157431806 0.07766550096842409 -0.003020748216684132 0.07506193438435388 0.08081358518612987 0.09106474976879943 -0.06735070532361585 0.07116232786114685 -0.09251942645058088 0.06490170418432362
0 154 0.02836183678848574 -0.028475522573101913 -0.0684087391373422 0.023674404483335257 0.03306840672536473 0.08533379772764899 -0.08252500925858242 -0.035797083587755074 0.05479487417133221 0.0410055988964484
0 155 -0.029737234646861586 0.05328222699187452 -0.08708190498814286 -0.07793001731391985 -0.04046496070322649 -0.023282228167769207 0.08059132005564676 0.07564002485341313 -0.08733486373707079 0.028333000601453457
0 156 -0.03888073734698213 0.034952811767372034 -0.030233949688631075 0.06907955853259742 -0.08122856934605283 -0.009059097860503348 -0.0741331172952437 -0.018227595454923282 -0.07252590443288788 -0.02242206948107153
0 157 -0.08441396294889487 -0.060175731122950195 -0.0978336507944172 -0.06521783969368787 0.01850124676953567 0.08088700705632942 -0.028644409414392058 0.0697715479810664 0.08099164275220899 0.0858700296209898
0 158 -0.08594812752608162 -0.013113020681423986 -0.005170604270103004 0.007822207550418087 -0.05891436642179678 -0.03800976478357117 0.09567428174987345 0.009820185811118855 0.0763710277177332 0.05443476050259636
0 159 -0.04116515064452554 0.0033861297967054797 -0.06127473305973718 -0.06457848282724904 -0.02067014522605067 -0.07807779634699916 -0.020436017901995698 -0.05296359026329999 -0.08225923016934582 0.08290355361367592
0 160 0.03481928234431968 0.09705486252753477 0.06854032150550063 -0.008931918558432056 0.01918757568500416 0.08302850932152896 0.09987529615057768 0.09700632162034782 -0.014383409844204158 0.05653932386903916
0 161 0.0034117554357615274 0.03512558489274775 0.0600540786451435 -0.09879616736097131 -0.09344946446769219 -0.015624633665822075 -0.07148731845058628 -0.0946854613006151 0.06714451882097129 -0.0942080856843862
0 162 0.009990353488528583 0.0514440969900965 -0.07843126890935885 0.029864296320817295 0.09300559851317694 0.033993104500286274 0.0929471887427115 -0.08774850227254981 0.03837943630875318 -0.005985121872188361
0 163 0.005321120066475036 -0.054953910199550676 0.07363744296075085 -0.00549777793419721 -0.024284840388720193 -0.05485525985542078 -0.07021850351853572 -0.035351744203384584 0.0885313703038701 0.04239088134815666
0 164 0.08391249847530113 -0.024031012415940106 -0.08147197948525109 -0.03155712909896104 -0.09023360486178532 -0.09206641069709354 0.05240717242038332 0.03481491808588104 8.697764662662813E-4 -0.06473839563905691
0 165 -0.042219374365737056 -0.0902679890135709 -0.050054098461030025 -0.08649997061337018 0.02198898987585062 0.020297432868166588 0.0072981734215937285 -0.029172175060245498 0.03377797357229921 -0.08149161493984902
0 166 -0.05128036861441848 0.023168370790320223 0.015850761033475304 -0.07355076690723254 0.008374490143815926 -0.0213412921212445 0.045333103778968854 -0.02275968392440072 -0.0016165575759697925 0.0699813804190243
0 167 0.01868640054298241 -0.08513136278712966 0.010421519005914362 0.06252810507415311 0.012412011241988093 0.00526860084626992 -0.0691618135659107 0.06490244192890267 -0.04170150576013922 0.0190958992886044
0 168 0.06205906782618908 0.019793714237239114 -0.034794660218428655 0.01504190683088492 -0.0856785996400481 -0.08716125013401807 0.09769671997583826 -0.05248937556299729 -0.06151416714237056 -0.03180731470243491
0 169 0.024281716203709273 -0.08769659074962266 -0.06856378853834229 0.04156974833782048 0.04873900698292075 -0.08229178664842318 -0.06909362584112566 0.048902669265288544 -0.09565100208626298 0.04369386592758724
0 170 -0.06271384098740386 0.03683704475657815 0.004228433509902561 -0.007185457318980232 0.08603582627371496 -0.02313848909488165 -0.048774809162456585 0.07489112217943562 -0.02786474159409543 -0.05794179224370796
0 171 0.07574823058388887 0.01673959573782995 0.08411082287100019 -0.019725189391231208 0.004458450294525519 0.07676192600226349 0.015055856786842296 0.0597580377225703 -0.019238769201638382 0.047622659177168965
0 172 -6.646165524793068E-4 0.03129611284022759 -0.09009723863571273 0.04854917371592175 0.012479943663067658 0.03311433670187862 0.01752477558439965 -0.0889133411032845 -0.03253525395580717 0.015411281361746413
0 173 -0.09058499363147948 -0.006428709813232088 0.05384283817149699 0.02230326917696491 -0.0855101490181304 0.04545693540511704 -0.09137826677162471 -0.09176299779339456 -0.008167500173746622 -0.07989298898846693
0 174 -0.016750738264802365 0.09387540540903294 0.0017792564887781017 0.0916816801417813 -0.0067681528423555555 -0.06458185747617354 -0.09857118862368605 -0.0878852971904715 0.05875709589629362 0.0848767407403113
0 175 0.09660361397116252 -0.07482349261423182 -0.0883104940031642 -0.059626872501526755 -0.07556070264374948 -0.014475144756397362 -0.06415892077460802 -0.08125047684680523 0.053611294271085644 -0.0503581873257028
0 176 0.0823076059857154 0.08943378198612079 0.002390984066010145 0.03160513785604164 -0.0012785886727572635 -0.0065020120298317444 0.0010187014699540658 -0.05795978612127967 -0.08603997512207133 0.08784834913778643
0 177 0.011882997155704275 0.03651010049298076 0.015023171237052541 0.017202049487119172 -0.0017590150138697986 0.0712716471340472 -0.00417532142190662 -0.0768010009635445 -0.02228726124083901 -0.002381868144437427
0 178 -0.09967730167199221 -0.037774101914108446 -0.07067501365768813 0.0789551599383791 0.05949893811052965 -0.054476712176654514 -0.043887891616885735 -0.06330970257683886 -0.032659544677257464 0.0830328147872834
0 179 -0.0722784251251951 -0.08243200091460488 -0.094799365400182 0.02298524641068114 -0.09170977813111934 -0.0732278360936543 0.059376790330653344 -0.04711396527273085 -0.08364514609197464 -0.014851794237125836
0 180 -0.025712223518380522 0.08848838071500753 -0.045707219929264346 0.020162209901098488 -0.06017473788991935 -0.059285820455759725 0.02204239979344602 0.01824605504281396 -0.03247192053745151 0.00457127210001506
0 181 -0.030260795797806987 -0.08118542204878156 -0.04517029906169404 -0.03562520835488094 0.0717893202467013 0.03449452084986541 9.990481831551124E-4 -0.044691887927739114 0.0017008425036938574 0.044644549319661206
0 182 -0.0505689182347473 -0.07639568569492784 -0.06287445783787354 0.09477584231966936 -0.04980998347546832 0.019426695758105694 0.06324234713564415 -0.04378181718494359 0.03658189536818144 -0.08751183965511602
0 183 -0.08239343762579399 0.01469793198300948 -0.004170390148918844 0.07728926460350415 0.04941504664241399 0.07190068511548697 0.00940435739416231 -0.027477205298875276 -0.023952221363889043 -0.029090020556882874
0 184 0.0037919756313748547 -0.0544837342109114 0.047426503731792136 -0.07609689649008615 -0.01726014334275832 -0.006746785218625706 -0.004401083479365968 0.024244700987537757 -0.055307292165973576 0.062141224308922695
0 185 -0.04844965947348326 -0.04896337774766718 0.09376676380390125 -0.09176494660083229 0.004083664760791168 0.05076047221979558 -0.06605925119104386 -0.026224084697366472 0.04657126075613781 -0.06451687480786214
0 186 -0.046692920989163465 -0.09020718338205563 0.009157839031310287 0.025352491558615457 0.02015143445331269 -0.01828713440354234 -0.026726984138129954 0.030147342482600422 0.019015151458707528 0.01976827206608043
0 187 0.06321458644533369 0.055397793485463455 0.0838117997433433 0.04450820359367489 -0.010347829085930718 0.046401931251658084 0.06577632278622839 -0.08716211398745755 0.05563121013567935 -0.04275591956747599
0 188 0.05048614074026686 -0.07780721909817537 -0.051946835817742114 0.0018082614003418526 0.026073134419408048 -0.02945595075388417 -0.004116760054587024 0.05189403533365395 -0.06208775380556051 -0.051793650266964746
0 189 0.0029429605230520853 0.04198833552019874 0.08517376231507702 -0.09499017891556766 0.00998519598513597 0.05028883324005192 -0.06920337663241274 -0.05488292053591967 0.08363841567151391 0.08752310151301516
0 190 -0.0533124639169067 -0.0643954247430896 0.09226035817817275 -0.051625839783914655 -0.01503903472157093 -0.0851756047969365 -0.036565083849793706 0.09518130760154034 0.007130071268375899 -0.04129254308000799
0 191 -0.029652153452791125 -0.025133340324201166 -0.053512609012851736 0.06343683423751045 0.04735937420905069 0.08322991177501869 0.0702614536342147 0.06192684416490379 -0.06647604397949562 -0.049049464953622945
0 192 -0.041081252397108296 -0.010549372678648274 0.05466991330497509 0.06656836304041742 0.030363341528088627 -0.0023223851845871548 -0.06189398202578209 0.019597107164407348 0.06061127347921352 0.033773940069821165
0 193 0.09040743233400897 0.07249493569965346 -0.016853459101752327 -0.08433937655766294 0.088045815707637 0.04750019295649056 -0.0649873170520569 -0.08457621856889128 0.01800716604974569 -0.03261877259728024
0 194 -0.08813697925869785 -0.007726327000160097 -0.0066635525289345824 -5.245387130544967E-4 0.05149033772104201 -0.07787209791020139 -0.0615189274231663 -0.07188840749717622 -0.002417557269480999 0.060139791846641595
0 195 -0.07989580287675856 -0.07525509868942158 -0.0032325905709825026 -0.0870318383605629 -0.042589238297949014 0.03987677776395136 0.06981180896870715 -0.08163472898331163 0.09434320502703372 -0.006143776122726227
0 196 0.059325514930133494 -0.05382913505626438 -0.06871678579954742 0.0561756704790049 -0.01198410056679479 -0.08688119875305499 -0.004931187786404142 -0.04528259049195015 0.09932849558685077 -0.07851308818656616
0 197 -0.039375667624885924 0.06401943604980917 -0.07491105413176923 -0.07002440693565253 -0.02713916042187552 -0.07074691741697602 0.05417653041311993 0.07855666082375724 0.06375152564055665 -0.014130446329285274
0 198 -0.07166689935835374 0.04605085526171565 0.03385300092032169 0.007268131480481588 -0.0795642996898133 -0.03152359507391096 0.006334187938315479 -0.024287162589611732 0.051505235793450246 0.0045620607458104045
0 199 -0.035900646880132635 -0.06668559568202441 -0.05279086345664225 0.04012477278156898 -0.003947780928216439 -0.08403755162179541 -0.021324482577240216 -0.0781510279401434 0.052512612612977 -0.04221041522796261
0 200 -0.07997000108162404 0.08568628479675625 -0.0217581431312205 0.002709643444912875 0.06648609959892894 -0.05252224604476403 -5.924107875648646E-4 -0.014012963938641574 0.0245300630880811 0.057942451843436375
0 201 -0.040079859363922485 -0.018879726461159423 0.04597633029543864 0.06993766977997454 0.05874071450055315 -0.04972289406016503 -0.09349814721174392 -0.07645633342208341 0.09034359156129639 0.01862666733503421
0 202 -0.060089797344803145 -0.003315714692440642 0.08581054914505183 -0.007902755600722688 0.04290392241393849 0.04280148676395854 0.08234681702351351 0.0325774455089056 -0.015451238146320571 -0.0025751034255596223
0 203 -0.09844381933410157 0.0777739043894873 0.08829243430814199 -0.08791796155771305 -0.09068478342517977 0.008137084573210131 -0.03349657371519589 -0.04114501083765311 0.039888505284867336 0.013356159781580904
0 204 -0.03258927988007837 -0.004750847944551441 0.09254280117759923 0.0758711083062468 -0.08152539644471873 0.011885615748285007 0.0914162241652611 0.04509701492538804 0.04634394619292089 -0.07928026440802972
0 205 0.07489289349052168 -0.05868165099892771 -0.018511942671266837 -0.05399553544739473 0.01015129542546582 -0.07762188553724972 0.06272336993045952 0.06082793292954403 0.053283334995795746 0.09145516036334078
0 206 -0.08484609259161806 0.00804570024373078 -0.09631694671910787 -0.0061369059963013 0.07317588057870522 -0.03524192663678908 -0.07008199347789931 0.04876313739932488 0.08221351889797923 0.02916242913360337
0 207 -0.02030068573076763 -0.010325037003531119 0.03519359650514083 -0.09063348324408442 -0.0644217902457539 -6.866971106103381E-4 0.018033188777907067 0.009088021923206086 -0.06545459261700123 -0.008486979460120928
0 208 0.027859952702524747 0.0901734713075592 -0.03208732856320009 -0.0426367520909808 -0.013512809275469403 0.08476672646834105 -0.06442339045490542 0.08094846485542077 0.018850048957036188 -0.09146250537307005
0 209 -0.016145416253230776 -0.06940738994606269 0.09871393983202381 0.03418915933518713 -0.038282607407013426 -0.09339884908188303 0.024272492187851893 -0.07631480071906402 -6.145681798837148E-4 0.0904232843765693
0 210 -0.0429397820620101 -0.0880599298526753 -0.06348293674236272 0.08372292319350809 0.07997466839196869 -0.08137091900444862 -0.08988536635231476 -0.004001416080318073 -0.09900897682573728 0.008468817684076466
0 211 -0.02619493843849719 -0.0879627764337336 0.05216972776371171 -0.04471431426242092 -0.006476323995100899 0.08158235726149152 0.04756721267842579 -0.009367082309157644 0.039185741042927276 -0.021117455865173017
0 212 0.05748398391680132 -0.0032062114328669862 0.03363551398294004 0.02685684670826651 0.08529470988051287 -0.028228670127029364 -0.03349106369700415 0.04041494905112169 0.07015001683876126 0.012688922071611881
0 213 -0.08216529195756686 0.007824703594095936 -0.08487743661152607 0.06331234724127176 -0.04731299091313208 -0.05304595597850871 -0.035031340547308755 -0.07385774732110693 -0.06821971015987198 -0.08454566336656463
0 214 0.01555216896888677 -0.041499681750512205 -0.0714057902815715 -0.04844636357600138 -0.017962494850608805 -0.08145782323612435 -0.021700050544483186 -0.07525590326852734 -0.015252700703318847 -0.08501422995711622
0 215 -0.03177269338581286 -0.06589699850760251 0.05735336873442915 -0.036000234451471276 0.06699323919746784 0.03214504940005674 0.04220127265116666 -0.08382784573997316 0.009904228182739472 0.029216231394080396
0 216 -0.0011961539720011791 0.08076348164921258 0.04448025813923549 0.025392904547642276 -0.05271949442628535 0.09512562766739958 -0.038016316162174886 0.007148318469123237 -0.0436214210152312 0.056446628940767914
0 217 -0.06423861473253649 0.05069342677911073 0.07821187769733581 0.030110657121088902 -0.017300572584738303 -0.08253832754221617 -0.09460638594705437 -0.08505298865831498 0.010728719470877782 0.011547819478816284
0 218 0.0032600247593248684 0.09682391170243759 -0.0435301872889863 -0.03879532214217404 -0.045815004481753956 0.024032355744974213 0.04016039448295274 0.043515015676486905 -0.06647056904657057 0.005761691511711214
0 219 -0.04305443427725814 0.09636576789366849 0.018104059259830958 -0.05518134408807728 0.03842500135473193 -0.07743833522386535 -0.03260675880429856 0.0643194840485036 0.05149081604978782 -0.0578916385052883
0 220 0.0028540789029704357 0.0964492782596861 0.03254215149450863 0.06251396276701611 0.010992193352064153 -0.010167099501287538 0.08684133033454704 0.04497390832587359 -0.03223140240994884 0.053002570509477834
0 221 -0.07236785777590582 0.09363997142108786 0.019068771422296182 0.06395534025964303 -3.8144059014261737E-4 0.03476270078728371 -0.04088952933422619 0.04535126721439535 0.025931070290668247 0.015459366445053517
0 222 -0.0135745448086331 0.09988511260144797 0.008570808696487756 -0.029746739842769144 -0.004745812023334467 -0.07987030362993451 -0.055516572023442436 0.0975004959575281 -0.03990421404892019 0.06318766752172456
0 223 -0.03596026177869539 -0.018737319493922006 0.06882388639819605 0.05102738353268326 0.06734486126237701 0.002167032228996594 -0.07121532384442122 -0.08544306749342911 -0.027384271053447637 0.01276945710454535
0 224 -0.09801574250937772 0.08934738341493238 0.05174709804337992 -0.08911436325637756 -0.03959569378226489 0.07513728546286158 -4.971693185841601E-4 0.06160384978357296 0.01856887801995633 0.09532705445051365
0 225 0.05853492574173586 -0.031128631005426947 0.07919338600595827 -0.08671815085244568 0.059625172868113994 0.09111617004205345 0.02659529968395524 0.023182829203344312 0.07115895735131908 -0.031316558998123536
0 226 -0.032804496385522484 -0.09083025279999594 -0.08243039979452677 0.008359913064774347 0.08456741523875759 -0.0037581046419044584 0.07680888442960701 -0.06737501243951721 0.09473259693411769 0.0032797667216569984
0 227 -0.048769974275916735 0.06857319183761525 -0.036361855989973144 -0.021743838231104855 -0.04668167817032096 -0.005948962219347701 0.08905977595241628 -0.04584926346091678 0.08504469636784433 0.005952826008260288
0 228 -0.004162527949624484 0.08602765638043124 0.07062725012660134 -0.0584418547326985 -0.00694420756019336 -0.04201126346522866 -0.030580425764419092 -0.06343681993659082 -0.053505387890488844 0.057795856401334264
0 229 0.013262735628353395 0.07428338975286715 -0.05168377305321997 -0.07488218052819368 0.05647772126418538 -0.07919948914586125 -0.037135136166712227 -0.026023413302399774 -0.083821288328891 -0.09172149751668415
0 230 0.0661996324149107 0.05880349530802199 -0.0913703514110678 -0.013746796671858583 0.05477067467775235 -0.044311803486292815 -0.03831362715503991 -0.0929788565175433 0.03981285096045753 -0.0017996690615228249
0 231 -0.03508993880516806 -0.024587338365176147 0.0896386871231678 -0.06974108361272495 0.05566804939640854 -0.0321166982798525 0.02108880860018602 0.06077652887146123 0.06404190498572646 -0.023220567178277605
0 232 0.008160067791910183 -0.06612390251151085 -0.055202287790076916 -0.034952742414421326 -0.08268716249778797 -0.01639532653725294 0.059611690295424326 0.07129120773122488 0.034225577817983535 0.06325758261035622
0 233 -0.049220478182426614 0.0881649294312158 -0.01382742472740681 0.01970165676967562 0.013918597315457592 -0.09995828230579223 0.03439453361581574 -0.08531035863955613 0.04729586535732858 0.06540684272721939
0 234 -0.0385795805602749 0.08726069472275978 0.0932281018701277 -0.06027309012622196 0.0752243870560545 -0.08817200276676089 0.05503748817204902 -0.060368365933703386 -0.0838827202687269 0.04695033774153768
0 235 -0.0640248484435587 -0.03791072407743875 -0.03905706409162542 0.070433718814102 -0.035073144676293716 -0.022778916573621095 -0.045941099472707546 -0.06114700191634514 0.012299020708426395 -0.09045383617283828
0 236 -0.010089105021142896 -0.046900934956274336 0.02290951911089159 -0.017953937154211456 0.029504866193325336 -0.07952333486863088 -0.010027768270913241 -0.09071184232392158 0.06569520175625068 -0.0997469988475165
0 237 -0.014718379334332458 -0.05518031812292637 0.05780445859725625 -0.09836547779080432 -0.010022116850781788 0.08305329402304987 -0.03639912609350692 -0.046252506701422835 0.07030918382927763 -0.05662689415841252
0 238 0.07802145183086395 -0.027857035398483276 -0.07396518439054489 0.08826571702957153 -0.018899595364928246 0.087984099984169 0.09849680215120316 0.06122701242566109 0.010059577412903309 0.09513090550899506
0 239 0.06326189070222257 0.012557259314882933 0.05443682163256563 0.030238751761760708 -0.017543425110620698 -0.08571992574458151 0.013738821402418784 -0.03436250823731179 -0.04829301672431985 0.045749163698898
0 240 -0.008982612372546083 -0.08717440940103617 0.007919792482219872 0.08665112820561567 0.07197712211954026 -0.041367321512037016 -0.01571776436543616 0.0562725970257718 -0.015987773245399788 -0.010999658513911046
0 241 4.3117727657434246E-4 0.09619867404842314 -0.014188733500486142 -0.09398453694403495 -0.0789764063385508 -0.015591775720678488 0.06720928221574624 0.011067547231735938 -0.06742038907847688 0.02580562326062594
0 242 0.030597166809954637 0.06577183787178938 0.02344883460939265 -0.011333157276562162 -0.06721760145775835 0.050126751228037766 0.008641700096361596 0.05808969790221391 -0.045741617229730004 0.08518383842167647
0 243 0.03787946378653872 0.031357659186424955 0.08060732955077506 0.03426179043944084 -0.051290959574812695 -0.07691792093395475 0.058458660756192146 0.016177078097137868 -0.016712891486002333 -0.028029184307731332
0 244 0.040299630310754425 -0.03601405528610464 0.0034521538397578088 0.09827750166183617 0.06431684447401285 0.06326146739376969 0.034568154599067834 -0.09453678080824565 -0.09912061597189933 -0.012972592918221825
0 245 -0.03276044294822193 0.006062287208687496 0.013789614718063052 0.027319919022947073 -0.025043218990448396 -0.012654591215371295 0.03738099220776764 -0.013360043592278104 0.05942419628018137 -0.008310430835210061
0 246 -0.07845395803451538 0.06434854120016098 0.018260449171066284 -0.0544281080365181 0.06252637505531311 -0.08249630779027939 -0.08307483792304993 -0.0613582544028759 0.024546349421143532 0.024163246154785156
0 247 -0.017261361703276634 0.04647301509976387 0.06238808482885361 -0.009097790345549583 -0.08513089269399643 -0.03236106038093567 -0.017342131584882736 -0.07082079350948334 0.018417198210954666 0.029690463095903397
0 248 0.0980464294552803 -0.07653726637363434 0.07466903328895569 -0.09586955606937408 0.005417227745056152 0.011854832991957664 -0.0058782934211194515 0.0728411078453064 0.04787746071815491 0.008107644505798817
0 249 -0.07024525105953217 -0.08517741411924362 -0.05854327231645584 -0.08822844922542572 -0.07515764236450195 -0.02310096099972725 0.03901778906583786 -0.02088158205151558 -0.035261183977127075 0.044137291610240936
0 250 -0.009080399866053602 -0.07864325411784152 0.014019751380847802 -0.051038965978718515 -0.00409756539619561 0.004031885180400004 0.004510897023769591 -0.02504865244409884 0.01823897261972113 0.08233284359949393 -0.004764229017123528
1 0 -0.05570208063599925
1 1 -0.0017821960803573224
1 2 -0.06595853660555619
1 3 0.0016328436862914047
1 4 -0.02962041006292967
1 5 -0.026981944387152092
1 6 0.010080837141311888
1 7 0.05175873010361233
1 8 0.0650401893293134
1 9 -0.08236633864909908
